Graph Title
21
150.0   //xmax
X Axis Label  //xlabel
1.0     //ymax
Y Axis Label     //ylabel
150.0   //zmax
Z Axis Label  //zlabel
0.04379673022044713
0.04667381668241935
0.0469977240854213
0.04468609936974749
0.03980900866505222
0.03258463921526324
0.023375146038614777
0.01271845547925221
0.002977253422460958
0.011994097186173518
0.023748632259759928
0.03472357627031495
0.04422354873995159
0.05170189120434291
0.056731798511974456
0.05903013360229987
0.05849016201412901
0.05522741221914719
0.049663684195871735
0.04271665799395311
0.036224458794665355
0.026901779103668932
0.036331466995400706
0.04417534662860751
0.049799197327530347
0.05278527622968372
0.052888593294295856
0.050033356307567715
0.04431646896213524
0.0360167590618396
0.025641889688330224
0.014291027448544946
0.008258800779683086
0.017965769011530654
0.03107571551776248
0.043774292977949464
0.05502808818900529
0.06416783111567079
0.07070914794894807
0.07435638600001726
0.07504348309992129
0.07300184217229987
0.01336582879436653
0.010342174565075288
0.020041224655880423
0.031832903817689905
0.04268725036785406
0.05159314544200988
0.057913101369827344
0.06120891972586171
0.06122518078376154
0.057899514675011844
0.05138470472097057
0.042104930878742626
0.03096936065542878
0.02044555425160532
0.01828476774537097
0.02864260367649825
0.043484102141782846
0.05878735455473068
0.07304419519254597
0.08539132636548225
0.09526674393924121
0.04881350532511781
0.03771607944959637
0.024652741705308064
0.011373436407577583
0.010666165299789988
0.024369085502656762
0.03871242085450354
0.05162216379935817
0.06219428381349514
0.0697753391947532
0.07390152338821955
0.07431514531858134
0.07100187911641237
0.06425949324539411
0.054861928504888656
0.044521307607317824
0.0370312493679851
0.0383589212736279
0.04992809353079499
0.06725933181462458
0.08668339407543388
0.07473375498257057
0.07197525765693726
0.06529659035488747
0.054937214499423924
0.04135685471544595
0.02522904879148385
0.007785242914594579
0.01260538046478666
0.03130559444582289
0.04930208134862861
0.06549500782817881
0.0790465127353841
0.0892848481098256
0.09574346884783355
0.09821944298438726
0.09685565413317447
0.09227366233742358
0.08580315715050153
0.07981522746133796
0.0778152639744773
0.08322770954297944
0.07361947208411385
0.08283100442502501
0.08830646997831723
0.08936572888785763
0.08569424001394652
0.07728579345420974
0.06441175577583012
0.04760351256023716
0.02769942378898433
0.007583699544751867
0.020640885652106943
0.044596939187715776
0.06829742449965302
0.09048650117792201
0.11027287287835405
0.1269948794543504
0.14026421812046191
0.1500317453661447
0.1566576983906155
0.16097192288764237
0.16428951314622123
0.049708598943604305
0.06172195014573908
0.0774937308252767
0.09242996941170935
0.10408364588682627
0.1110632992388005
0.1125747583252878
0.1082654829899835
0.09818294619009063
0.08281401268515078
0.06333438006236548
0.04289111705818713
0.032757959669807976
0.04815577662401923
0.077298945390144
0.11036448078718493
0.14425231424650398
0.17749610211331376
0.20915974675150362
0.23859613486611206
0.2653670679586445
0.09576849159710692
0.07367018824279019
0.05967539376860716
0.06275176669162556
0.08030464086636337
0.10268400861141483
0.12391976703524149
0.14102956878299944
0.15241506564651716
0.15729498239927447
0.15557955796298253
0.14796234086894072
0.1362422859013264
0.1239752025672928
0.11715960488267688
0.12286686071040087
0.1441311798672869
0.1779182899133741
0.2191731173734515
0.26358716900580165
0.3078175952824564
0.21663727256628007
0.19713085792057944
0.16920794198683214
0.13536381692618302
0.10081516991048681
0.0774401899824453
0.082914972363135
0.11345451593226706
0.15221175180653815
0.19069502858186904
0.22566348806879574
0.25614336121489484
0.2824524149985703
0.3057089175447413
0.32735353423649893
0.3486150128129888
0.3700294142243055
0.3911799364526793
0.41074711952653786
0.4268165515380463
0.43730547224833843
0.3411690813722351
0.3592495600385176
0.3676069185411196
0.36143834146283293
0.33780992877697247
0.2957215776386993
0.23641404602735738
0.16498544274832752
0.101047559454691
0.11262868154546463
0.19905121581475163
0.302916290276808
0.40627299908292275
0.5011814398162433
0.5821709191175152
0.6451918227486563
0.6875413758830886
0.7079558123935056
0.7067024570854082
0.6856300688150652
0.6481697063536159
0.48825459990392794
0.490706089840161
0.5186694754843469
0.5734006702981448
0.6482894215436847
0.7330044002319125
0.8171664482425395
0.8919132301891259
0.9502930309439042
0.987322454820739
1.0
0.9873224448522817
0.9502929494763964
0.8919129761136845
0.8171659002624466
0.7330034813118546
0.6482881613536984
0.5733992581094273
0.5186682757566016
0.49070550786844724
0.48825481506592683
0.6481711026243608
0.6856303562777076
0.7067017782784746
0.7079544276848975
0.6875395998760341
0.6451899555747539
0.5821692187848159
0.5011800828776994
0.4062720766910116
0.3029158154990823
0.19905113525148468
0.11262891889303861
0.10104778897650954
0.1649855538949345
0.23641420918476178
0.29572186543914497
0.33781033575086217
0.36143880164118514
0.36760733180451016
0.3592498389926029
0.3411691884409273
0.43730566000555704
0.426816487939449
0.4107469726853564
0.3911797833135509
0.37002926971319927
0.3486148377737258
0.3273532930169919
0.30570861145753075
0.28245208044220876
0.25614308171089945
0.22566335745924704
0.1906951080194971
0.1522120840027308
0.11345508029581541
0.0829156288646944
0.07744060017790538
0.10081527761758921
0.13536387336058475
0.16920812036043328
0.19713123153322093
0.21663785048559014
0.3078119922352207
0.26358232198729603
0.21916929177827685
0.17791569206265131
0.1441299145310377
0.12286680021257755
0.11716024149639562
0.12397590844414356
0.13624274235815528
0.14796251289832338
0.1555795523354211
0.15729493772991843
0.15241511487670203
0.14102982140217946
0.12392028101088724
0.10268479479202253
0.08030562045818483
0.06275270259234231
0.05967587421938373
0.073670196236355
0.09576835832180848
0.265363846873973
0.23859265938796953
0.2091562071463857
0.17749268203444646
0.14424918824225827
0.11036182025596095
0.07729689786763945
0.04815455170544731
0.03275793176358864
0.04289158929200161
0.06333461696645569
0.082813989413213
0.09818279049085622
0.10826532603157633
0.1125747339211422
0.11106352240135901
0.10408418353783204
0.09243084437984027
0.07749490475334656
0.06172328153458615
0.04970974085726535
0.1642905703387202
0.1609725836004939
0.15665774936298818
0.15003116992743015
0.140263131978287
0.12699346045519422
0.11027132630002845
0.09048501751524393
0.0682961535019117
0.04459599081064942
0.020640304677924225
0.007583649535993156
0.027699245207995164
0.047603126737057154
0.06441127446449181
0.07728535582172438
0.08569396733588074
0.08936574453056886
0.08830686215504172
0.08283180950480734
0.07362068448311745
0.0832265701541805
0.07781615189873904
0.07981709308091091
0.08580500913594455
0.09227498561828587
0.0968563165382304
0.09821951194421973
0.09574310759991092
0.08928425435871508
0.07904587422163889
0.06549449219257669
0.04930181453184558
0.031305641239221804
0.012605786845086868
0.007784833741095492
0.02522827932447918
0.04135597568469815
0.05493637632494761
0.06529593471934038
0.07197492033670853
0.07473384214931766
0.08667810536418054
0.06725476948701463
0.04992489005525918
0.03835789639333014
0.03703237229490916
0.04452311045034379
0.054863439183185786
0.06426045396002972
0.07100232115751215
0.07431520388204114
0.07390136766844631
0.06977515817288592
0.06219422182484134
0.0516223464457543
0.038712918422593716
0.024369932394699104
0.010667180560129741
0.01137274359591915
0.02465152792297136
0.037714811401092486
0.0488123866721106
0.09526443761198185
0.0853882637711259
0.073040715276638
0.05878381347098001
0.04348084849239516
0.028640098666818197
0.01828400172100383
0.020446682852862188
0.03097057391121637
0.04210573963068743
0.05138509988361338
0.05789961265649888
0.06122513571953881
0.061208889513369426
0.057913232570432197
0.05159355887252044
0.042688025301010436
0.03183406174966421
0.02004269422301469
0.01034326119343488
0.013364803803692671
0.07300374085038162
0.07504419542244611
0.07435599764363948
0.07070787088933586
0.06416594062340404
0.05502586535153441
0.04377201819263292
0.03107362324930473
0.01796410219436296
0.008258378956708052
0.014291725373698286
0.025642321892214995
0.036016861821669605
0.04431634859753849
0.05003315870128155
0.05288847007150636
0.05278537058041457
0.04979963408877896
0.04417620323756214
0.03633278397229111
0.0269035162343115
0.03622737848970763
0.042719937520062076
0.0496663175900361
0.05522907580528274
0.058490836979781975
0.05902996739783558
0.05673100276614788
0.051700709704272645
0.04422221300114308
0.03472229740480222
0.023747566024182407
0.011993342476824367
0.002977114068822821
0.012718405137317758
0.02337483137978115
0.03258414851624834
0.03980848761466061
0.044685695999210885
0.046997584035623825
0.046674077190129636
0.043797492240625784
